#Ejercicio 1
49 38 31 27 20 41 33 28 22 48 16 37 31 26 19 41 33 27 21 46 37 45 31 26 18 39 32 27 21 47 37 30 34 25 16 39 31 27 20 45 36 30 24 29 15 44 35 30 24 43 35 29 23 43 23

#Ejercicio 2
88 74 69 64 57 51 45 33 85 74 68 63 57 51 45 29 80 72 67 62 55 50 40 26 79 71 67 61 54 49 39 25 79 71 66 60 53 49 37 24 77 70 66 58 52 48 36 23 77 70 66 57 52 47 35 81 74 68 63 56 50 44 27 19 75

#Ejercicio 3
21 19 22 19 18 20 23 19 19 20 19 20 21 22 21 20 22 20 21 20 21 19 21 21 19 19 20 19 19 19 20 20 19 21 21 22 19 19 21 19 18 21 19 18 22 21 24 20 24 17

#Ejercicio 4
2.59 2.64 2.65 2.56 2.63 2.60 2.72 2.77 2.74 2.71 2.85 2.63 2.90 2.82 2.72 2.76 2.80 2.66 2.85 2.88 2.84 2.77 2.76 2.68 2.80 2.53 2.87 2.86 2.81 2.65 2.69 2.75 2.91 2.77 2.76 2.79 2.58 2.78 2.74 2.70 2.71 2.73 2.83 2.67 2.86 2.62 2.67 2.78